0.897000 -9810.000000
0.894000 -9760.000000
0.889000 -9710.000000
0.887000 -9660.000000
0.885000 -9610.000000
0.883000 -9560.000000
0.881000 -9510.000000
0.878000 -9460.000000
0.876000 -9410.000000
0.871000 -9360.000000
0.870000 -9310.000000
0.867000 -9260.000000
0.865000 -9210.000000
0.862000 -9160.000000
0.859000 -9110.000000
0.857000 -9060.000000
0.853000 -9010.000000
0.846000 -8960.000000
0.842000 -8910.000000
0.842000 -8860.000000
0.839000 -8810.000000
0.833000 -8760.000000
0.829000 -8710.000000
0.823000 -8660.000000
0.817000 -8610.000000
0.814000 -8560.000000
0.808000 -8510.000000
0.806000 -8460.000000
0.800000 -8410.000000
0.796000 -8360.000000
0.792000 -8310.000000
0.788000 -8260.000000
0.781000 -8210.000000
0.778000 -8160.000000
0.772000 -8110.000000
0.767000 -8060.000000
0.763000 -8010.000000
0.757000 -7960.000000
0.753000 -7910.000000
0.748000 -7860.000000
0.743000 -7810.000000
0.739000 -7760.000000
0.734000 -7710.000000
0.728000 -7660.000000
0.724000 -7610.000000
0.717000 -7560.000000
0.717000 -7510.000000
0.710000 -7460.000000
0.705000 -7410.000000
0.699000 -7360.000000
0.694000 -7310.000000
0.689000 -7260.000000
0.684000 -7210.000000
0.678000 -7160.000000
0.673000 -7110.000000
0.668000 -7060.000000
0.662000 -7010.000000
0.657000 -6960.000000
0.653000 -6910.000000
0.649000 -6860.000000
0.644000 -6810.000000
0.640000 -6760.000000
0.636000 -6710.000000
0.633000 -6660.000000
0.629000 -6610.000000
0.626000 -6560.000000
0.623000 -6510.000000
0.620000 -6460.000000
0.617000 -6410.000000
0.613000 -6360.000000
0.610000 -6310.000000
0.607000 -6260.000000
0.603000 -6210.000000
0.598000 -6160.000000
0.593000 -6110.000000
0.590000 -6060.000000
0.587000 -6010.000000
0.583000 -5960.000000
0.580000 -5910.000000
0.576000 -5860.000000
0.571000 -5810.000000
0.567000 -5760.000000
0.564000 -5710.000000
0.561000 -5660.000000
0.558000 -5610.000000
0.554000 -5560.000000
0.550000 -5510.000000
0.549000 -5460.000000
0.542000 -5410.000000
0.542000 -5360.000000
0.537000 -5310.000000
0.531000 -5260.000000
0.528000 -5210.000000
0.523000 -5160.000000
0.517000 -5110.000000
0.511000 -5060.000000
0.506000 -5010.000000
0.502000 -4960.000000
0.498000 -4910.000000
0.493000 -4860.000000
0.489000 -4810.000000
0.484000 -4760.000000
0.484000 -4710.000000
0.474000 -4660.000000
0.470000 -4610.000000
0.467000 -4560.000000
0.463000 -4510.000000
0.459000 -4460.000000
0.455000 -4410.000000
0.451000 -4360.000000
0.446000 -4310.000000
0.442000 -4260.000000
0.437000 -4210.000000
0.432000 -4160.000000
0.428000 -4110.000000
0.424000 -4060.000000
0.419000 -4010.000000
0.416000 -3960.000000
0.411000 -3910.000000
0.406000 -3860.000000
0.403000 -3810.000000
0.398000 -3760.000000
0.393000 -3710.000000
0.388000 -3660.000000
0.384000 -3610.000000
0.379000 -3560.000000
0.374000 -3510.000000
0.371000 -3460.000000
0.369000 -3410.000000
0.360000 -3360.000000
0.355000 -3310.000000
0.351000 -3260.000000
0.347000 -3210.000000
0.344000 -3160.000000
0.341000 -3110.000000
0.337000 -3060.000000
0.335000 -3010.000000
0.332000 -2960.000000
0.329000 -2910.000000
0.326000 -2860.000000
0.322000 -2810.000000
0.319000 -2760.000000
0.316000 -2710.000000
0.312000 -2660.000000
0.308000 -2610.000000
0.304000 -2560.000000
0.300000 -2510.000000
0.296000 -2460.000000
0.289000 -2410.000000
0.283000 -2360.000000
0.276000 -2310.000000
0.267000 -2260.000000
0.266000 -2210.000000
0.262000 -2160.000000
0.256000 -2110.000000
