0.897000 -9810
0.894000 -9760
0.889000 -9710
0.887000 -9660
0.885000 -9610
0.883000 -9560
0.881000 -9510
0.878000 -9460
0.876000 -9410
0.871000 -9360
0.870000 -9310
0.867000 -9260
0.865000 -9210
0.862000 -9160
0.859000 -9110
0.857000 -9060
0.853000 -9010
0.846000 -8960
0.842000 -8910
0.842000 -8860
0.839000 -8810
0.833000 -8760
0.829000 -8710
0.823000 -8660
0.817000 -8610
0.814000 -8560
0.808000 -8510
0.806000 -8460
0.800000 -8410
0.796000 -8360
0.792000 -8310
0.788000 -8260
0.781000 -8210
0.778000 -8160
0.772000 -8110
0.767000 -8060
0.763000 -8010
0.757000 -7960
0.753000 -7910
0.748000 -7860
0.743000 -7810
0.739000 -7760
0.734000 -7710
0.728000 -7660
0.724000 -7610
0.717000 -7560
0.717000 -7510
0.710000 -7460
0.705000 -7410
0.699000 -7360
0.694000 -7310
0.689000 -7260
0.684000 -7210
0.678000 -7160
0.673000 -7110
0.668000 -7060
0.662000 -7010
0.657000 -6960
0.653000 -6910
0.649000 -6860
0.644000 -6810
0.640000 -6760
0.636000 -6710
0.633000 -6660
0.629000 -6610
0.626000 -6560
0.623000 -6510
0.620000 -6460
0.617000 -6410
0.613000 -6360
0.610000 -6310
0.607000 -6260
0.603000 -6210
0.598000 -6160
0.593000 -6110
0.590000 -6060
0.587000 -6010
0.583000 -5960
0.580000 -5910
0.576000 -5860
0.571000 -5810
0.567000 -5760
0.564000 -5710
0.561000 -5660
0.558000 -5610
0.554000 -5560
0.550000 -5510
0.549000 -5460
0.542000 -5410
0.542000 -5360
0.537000 -5310
0.531000 -5260
0.528000 -5210
0.523000 -5160
0.517000 -5110
0.511000 -5060
0.506000 -5010
0.502000 -4960
0.498000 -4910
0.493000 -4860
0.489000 -4810
0.484000 -4760
0.484000 -4710
0.474000 -4660
0.470000 -4610
0.467000 -4560
0.463000 -4510
0.459000 -4460
0.455000 -4410
0.451000 -4360
0.446000 -4310
0.442000 -4260
0.437000 -4210
0.432000 -4160
0.428000 -4110
0.424000 -4060
0.419000 -4010
0.416000 -3960
0.411000 -3910
0.406000 -3860
0.403000 -3810
0.398000 -3760
0.393000 -3710
0.388000 -3660
0.384000 -3610
0.379000 -3560
0.374000 -3510
0.371000 -3460
0.369000 -3410
0.360000 -3360
0.355000 -3310
0.351000 -3260
0.347000 -3210
0.344000 -3160
0.341000 -3110
0.337000 -3060
0.335000 -3010
0.332000 -2960
0.329000 -2910
0.326000 -2860
0.322000 -2810
0.319000 -2760
0.316000 -2710
0.312000 -2660
0.308000 -2610
0.304000 -2560
0.300000 -2510
0.296000 -2460
0.289000 -2410
0.283000 -2360
0.276000 -2310
0.267000 -2260
0.266000 -2210
0.262000 -2160
0.256000 -2110
